<?xml version="1.0"?>
<opencv_storage>
<calibrationDate>"Mon Feb  4 19:45:02 2019"</calibrationDate>
<framesCount>13</framesCount>
<cameraResolution>
  1600 896</cameraResolution>
<cameraMatrix type_id="opencv-matrix">
  <rows>3</rows>
  <cols>3</cols>
  <dt>d</dt>
  <data>
    1.3587030575899364e+03 0. 7.9266455632458326e+02 0.
    1.3587030575899364e+03 4.2844060064115854e+02 0. 0. 1.</data></cameraMatrix>
<cameraMatrix_std_dev type_id="opencv-matrix">
  <rows>4</rows>
  <cols>1</cols>
  <dt>d</dt>
  <data>
    0. 3.0232705094008900e+00 3.0263445659298527e+00
    2.2845365474792296e+00</data></cameraMatrix_std_dev>
<dist_coeffs type_id="opencv-matrix">
  <rows>1</rows>
  <cols>5</cols>
  <dt>d</dt>
  <data>
    4.9760778738757144e-02 2.5933467686337719e-01
    -2.6300410264876395e-04 -8.5559692090749710e-03
    -1.0044143864684358e+00</data></dist_coeffs>
<dist_coeffs_std_dev type_id="opencv-matrix">
  <rows>5</rows>
  <cols>1</cols>
  <dt>d</dt>
  <data>
    1.1235224949871350e-02 1.4735939189477112e-01 6.0820620465427294e-04
    1.0037647500005698e-03 6.0789038553953711e-01</data></dist_coeffs_std_dev>
<avg_reprojection_error>2.1869728243760564e-01</avg_reprojection_error>
</opencv_storage>
